MAE: 0.244396
RMSE: 0.495828
MAPE: 184.601021
